2.940000000000000000e+02
2.530000000000000000e+02
1.330000000000000000e+02
2.470000000000000000e+02
2.970000000000000000e+02
6.100000000000000000e+01
8.400000000000000000e+01
7.800000000000000000e+01
3.600000000000000000e+02
9.800000000000000000e+01
2.100000000000000000e+01
3.380000000000000000e+02
3.400000000000000000e+01
9.000000000000000000e+00
2.290000000000000000e+02
2.710000000000000000e+02
8.100000000000000000e+01
2.140000000000000000e+02
1.030000000000000000e+02
2.320000000000000000e+02
8.000000000000000000e+01
4.300000000000000000e+01
1.870000000000000000e+02
5.000000000000000000e+01
9.800000000000000000e+01
1.990000000000000000e+02
1.660000000000000000e+02
1.350000000000000000e+02
2.030000000000000000e+02
9.100000000000000000e+01
2.840000000000000000e+02
2.320000000000000000e+02
6.500000000000000000e+01
3.070000000000000000e+02
1.120000000000000000e+02
7.700000000000000000e+01
2.650000000000000000e+02
1.200000000000000000e+02
7.500000000000000000e+01
2.820000000000000000e+02
3.410000000000000000e+02
2.600000000000000000e+02
6.800000000000000000e+01
3.370000000000000000e+02
1.000000000000000000e+01
1.150000000000000000e+02
1.730000000000000000e+02
1.970000000000000000e+02
1.620000000000000000e+02
3.080000000000000000e+02
1.610000000000000000e+02
1.420000000000000000e+02
6.500000000000000000e+01
1.100000000000000000e+02
3.250000000000000000e+02
2.210000000000000000e+02
1.640000000000000000e+02
6.000000000000000000e+00
8.800000000000000000e+01
9.900000000000000000e+01
1.800000000000000000e+01
3.560000000000000000e+02
1.530000000000000000e+02
1.010000000000000000e+02
1.460000000000000000e+02
2.320000000000000000e+02
4.500000000000000000e+01
2.880000000000000000e+02
2.320000000000000000e+02
2.000000000000000000e+02
6.900000000000000000e+01
2.200000000000000000e+01
0.000000000000000000e+00
1.600000000000000000e+02
2.740000000000000000e+02
1.000000000000000000e+02
3.100000000000000000e+01
3.030000000000000000e+02
2.660000000000000000e+02
7.700000000000000000e+01
2.680000000000000000e+02
1.810000000000000000e+02
2.800000000000000000e+02
3.580000000000000000e+02
3.220000000000000000e+02
1.940000000000000000e+02
1.200000000000000000e+02
1.940000000000000000e+02
1.380000000000000000e+02
2.990000000000000000e+02
2.760000000000000000e+02
1.110000000000000000e+02
1.800000000000000000e+01
4.600000000000000000e+01
4.700000000000000000e+01
7.100000000000000000e+01
9.300000000000000000e+01
3.400000000000000000e+01
3.190000000000000000e+02
9.800000000000000000e+01
3.600000000000000000e+02
7.700000000000000000e+01
1.350000000000000000e+02
2.050000000000000000e+02
6.000000000000000000e+00
7.100000000000000000e+01
1.410000000000000000e+02
4.900000000000000000e+01
4.800000000000000000e+01
3.000000000000000000e+01
1.300000000000000000e+01
3.560000000000000000e+02
2.190000000000000000e+02
2.780000000000000000e+02
1.000000000000000000e+02
1.790000000000000000e+02
2.800000000000000000e+01
1.030000000000000000e+02
2.260000000000000000e+02
3.120000000000000000e+02
8.400000000000000000e+01
1.610000000000000000e+02
1.370000000000000000e+02
6.800000000000000000e+01
3.140000000000000000e+02
2.130000000000000000e+02
6.800000000000000000e+01
7.100000000000000000e+01
2.060000000000000000e+02
1.720000000000000000e+02
3.530000000000000000e+02
2.320000000000000000e+02
3.520000000000000000e+02
1.840000000000000000e+02
1.040000000000000000e+02
1.550000000000000000e+02
2.130000000000000000e+02
3.000000000000000000e+01
9.800000000000000000e+01
1.170000000000000000e+02
3.520000000000000000e+02
6.900000000000000000e+01
2.520000000000000000e+02
2.310000000000000000e+02
2.440000000000000000e+02
9.800000000000000000e+01
5.600000000000000000e+01
6.000000000000000000e+01
2.170000000000000000e+02
2.680000000000000000e+02
3.210000000000000000e+02
2.730000000000000000e+02
2.720000000000000000e+02
3.330000000000000000e+02
2.930000000000000000e+02
3.570000000000000000e+02
3.430000000000000000e+02
2.370000000000000000e+02
1.390000000000000000e+02
3.060000000000000000e+02
1.150000000000000000e+02
1.300000000000000000e+02
2.910000000000000000e+02
3.300000000000000000e+02
4.300000000000000000e+01
1.280000000000000000e+02
1.660000000000000000e+02
9.300000000000000000e+01
2.500000000000000000e+02
1.000000000000000000e+02
3.060000000000000000e+02
3.400000000000000000e+01
2.140000000000000000e+02
2.660000000000000000e+02
6.500000000000000000e+01
2.350000000000000000e+02
4.200000000000000000e+01
2.700000000000000000e+02
7.000000000000000000e+00
2.500000000000000000e+02
1.930000000000000000e+02
1.700000000000000000e+01
1.000000000000000000e+00
3.200000000000000000e+01
1.700000000000000000e+02
1.120000000000000000e+02
2.540000000000000000e+02
2.490000000000000000e+02
4.400000000000000000e+01
5.800000000000000000e+01
1.060000000000000000e+02
3.210000000000000000e+02
2.430000000000000000e+02
1.200000000000000000e+01
1.240000000000000000e+02
4.300000000000000000e+01
4.000000000000000000e+00
1.990000000000000000e+02
2.790000000000000000e+02
2.310000000000000000e+02
